162024.000669982 20    1.656000e+005    1.656000e+005   -5.550589e-005    2.728484e-012    0.000000e+000    8.500000e+000            2.471043e-003            5.153718e+003            4.398397e-009            2.415394e-001            2.257311e+000            8.725797e-001            9.591187e-001   -8.029621e-009    2.178662e-010    1.012906e-005   -1.616776e-006   -2.607703e-008    1.490116e-008   -2.925000e+001    1.808750e+002  11
162024.000669982 25    1.656000e+005    1.656000e+005    8.337200e-006    3.410605e-013    0.000000e+000    8.500000e+000            8.333942e-003            5.153819e+003            5.361652e-009           -2.314854e+000           -2.094410e+000            2.906987e+000            9.372377e-001   -8.365705e-009   -1.925080e-010    6.964430e-006   -1.762062e-006    5.587935e-009    1.601875e-007   -3.675000e+001    2.311250e+002 133
162024.000669982  1    1.656000e+005    1.656000e+005    1.449338e-004    1.591616e-012    0.000000e+000    8.000000e+000            4.910158e-003            5.153664e+003            4.807343e-009            3.121949e+000           -1.732140e+000            1.940477e+000            9.614722e-001   -8.119981e-009    3.510860e-010    6.632879e-006    5.923212e-007    5.587935e-009    7.078052e-008    1.468750e+001    2.529063e+002 237
162024.000669982 22    1.655840e+005    1.655840e+005    2.932120e-004    2.876277e-011    0.000000e+000    7.800000e+000            1.333962e-002            5.153620e+003            5.145929e-009           -1.498535e-002            5.943899e-001           -2.327348e+000            9.334693e-001   -8.503569e-009   -2.025084e-010    1.011789e-005    2.067536e-006    1.881272e-007    7.636845e-008    3.706250e+001    1.681250e+002 199
162024.000669982 11    1.655840e+005    1.655840e+005    5.999184e-004    2.103206e-011    0.000000e+000    7.800000e+000            2.390472e-003            5.153627e+003            5.373438e-009            4.230870e-001           -2.863408e+000           -2.112264e-001            9.242704e-001   -8.708934e-009   -1.717929e-010    4.416332e-006   -2.782792e-006    5.029142e-008    5.215406e-008   -5.465625e+001    2.751250e+002   1
162024.000669982 19    3.600000e+005    3.600000e+005    2.902923e-004    1.170974e-011    0.000000e+000    8.500000e+000            6.068498e-003            5.153666e+003            5.034853e-009           -4.210557e-001           -2.623413e+000            3.009640e+000            9.284027e-001   -8.341062e-009   -1.421488e-010    1.218542e-005   -3.430992e-006    7.823110e-008    8.195639e-008   -6.693750e+001    1.272500e+002 169
162067.001305368 19    1.655680e+005    1.655680e+005    2.949676e-004    1.148237e-011    0.000000e+000    7.800000e+000            6.076002e-003            5.153654e+003            5.538445e-009            2.885740e+000           -2.622467e+000            2.885771e+000            9.282495e-001   -8.433209e-009   -2.900121e-010    7.076189e-006   -1.886860e-006   -5.960464e-008   -7.264316e-008   -3.668750e+001    2.266563e+002 211
162067.001305368 28    1.656000e+005    1.656000e+005   -3.652368e-005    1.000444e-011    0.000000e+000    8.500000e+000            5.237323e-003            5.153610e+003            4.303036e-009            2.504475e+000           -2.487549e+000           -2.271869e+000            9.606556e-001   -7.852827e-009   -1.689356e-010    1.055188e-005    2.246350e-006   -5.215406e-008   -5.029142e-008    4.584375e+001    1.755313e+002  25
163879.028687578 13    1.656000e+005    1.656000e+005   -8.306629e-004    4.547474e-013    0.000000e+000    7.800000e+000            2.221897e-003            5.151887e+003            4.790557e-009            1.242450e+000           -5.347399e-001            1.917948e+000            9.656087e-001   -8.172840e-009    3.793015e-010    6.839633e-006    6.053597e-007    4.842877e-008    7.823110e-008    1.206250e+001    2.540938e+002  11
163963.029975945  4    1.656000e+005    1.656000e+005    4.306925e-004    3.115019e-011    0.000000e+000    8.000000e+000            5.225685e-003            5.153559e+003            4.243391e-009            2.530426e+000           -5.409960e-001           -1.521450e-001            9.761697e-001   -8.103909e-009   -2.814403e-010    5.371869e-006   -3.503636e-006    8.009374e-008   -7.450581e-009   -6.978125e+001    2.850313e+002  73
165618.055424626 20    1.728000e+005    1.728000e+005   -5.548587e-005    2.728484e-012    0.000000e+000    8.500000e+000            2.472636e-003            5.153721e+003            4.273392e-009            1.291166e+000            2.257835e+000            8.725220e-001            9.591205e-001   -7.977833e-009    2.142947e-010    9.555370e-006   -1.838431e-006   -7.450581e-009    7.450581e-008   -3.509375e+001    1.945938e+002  16
165618.055424626 25    1.728000e+005    1.728000e+005    8.339528e-006    3.410605e-013    0.000000e+000    8.500000e+000            8.334321e-003            5.153817e+003            5.449513e-009           -1.264904e+000           -2.094261e+000            2.906926e+000            9.372359e-001   -8.450352e-009   -2.246522e-010    6.983057e-006   -1.287088e-006    1.452863e-007    1.490116e-007   -2.740625e+001    2.319375e+002 134
165618.055424626  1    1.728000e+005    1.728000e+005    1.449445e-004    1.591616e-012    0.000000e+000    8.000000e+000            4.908914e-003            5.153667e+003            4.691624e-009           -2.110899e+000           -1.732289e+000            1.940418e+000            9.614749e-001   -8.109980e-009    3.903734e-010    6.809831e-006    4.004687e-007    5.215406e-008    3.911555e-008    7.687500e+000    2.452500e+002 232
165618.055424626 22    1.727840e+005    1.727840e+005    2.934188e-004    2.876277e-011    0.000000e+000    7.800000e+000            1.334062e-002            5.153623e+003            5.113784e-009            1.035126e+000            5.944963e-001           -2.327408e+000            9.334675e-001   -8.401422e-009   -3.682296e-010    1.106225e-005    2.428889e-006    1.378357e-007   -1.508743e-007    3.893750e+001    1.527813e+002 200
165618.055424626 19    1.727680e+005    1.727680e+005    2.950500e-004    1.148237e-011    0.000000e+000    8.000000e+000            6.075598e-003            5.153655e+003            5.564160e-009           -2.347236e+000           -2.622476e+000            2.885709e+000            9.282473e-001   -8.537499e-009   -1.896508e-010    7.012859e-006   -1.842156e-006   -1.434237e-007    8.568168e-008   -3.375000e+001    2.273750e+002 212
165618.055424626 28    1.728000e+005    1.728000e+005   -3.645197e-005    1.000444e-011    0.000000e+000    8.500000e+000            5.238293e-003            5.153608e+003            4.423756e-009           -2.728443e+000           -2.487597e+000           -2.271926e+000            9.606543e-001   -7.886400e-009   -1.400058e-010    1.066364e-005    2.216548e-006   -9.685755e-008   -1.862645e-009    4.037500e+001    1.702813e+002  26
165618.055424626  4    1.728000e+005    1.728000e+005    4.309169e-004    3.115019e-011    0.000000e+000    8.000000e+000            5.226876e-003            5.153557e+003            4.274821e-009           -2.702492e+000           -5.410139e-001           -1.522033e-001            9.761679e-001   -8.081408e-009   -2.521534e-010    5.522743e-006   -3.129244e-006    6.146729e-008   -7.078052e-008   -6.159375e+001    2.822188e+002  74
165618.055424626 13    1.728000e+005    1.728000e+005   -8.306592e-004    4.547474e-013    0.000000e+000    7.800000e+000            2.221610e-003            5.151889e+003            4.676623e-009            2.293307e+000           -5.343223e-001            1.917890e+000            9.656113e-001   -8.146411e-009    3.482288e-010    6.925315e-006    6.053597e-007    6.332994e-008    1.676381e-008    1.512500e+001    2.478125e+002  12
166633.071084450 27    1.728000e+005    1.728000e+005    3.128732e-005    1.023182e-012    0.000000e+000    8.000000e+000            1.438134e-002            5.153447e+003            5.204860e-009           -2.721298e+000           -2.694758e+000            2.928728e+000            9.417158e-001   -8.238557e-009   -2.285810e-010    7.539988e-006   -1.929700e-006   -3.073364e-007   -8.940697e-008   -3.521875e+001    2.258438e+002  92
169837.119948575  3    1.728000e+005    1.728000e+005    4.124735e-005    3.296918e-012    0.000000e+000    7.800000e+000            1.296988e-003            5.153679e+003            5.200931e-009           -4.009388e-001            8.365801e-001           -1.259759e+000            9.395235e-001   -8.585000e-009    4.035882e-011    5.101785e-006    3.613532e-006    5.587935e-009   -4.470348e-008    7.006250e+001    2.661875e+002  56
170857.135301458  8    1.728000e+005    1.728000e+005    5.120602e-004    3.535661e-011    0.000000e+000    8.000000e+000            7.759076e-003            5.153668e+003            4.873774e-009           -1.518786e+000            1.904332e+000            2.995002e+000            9.584841e-001   -8.187841e-009   -2.957266e-010    8.014962e-006   -1.316890e-006    1.527369e-007   -1.639128e-007   -2.859375e+001    2.281250e+002  55
171433.143948575 31    1.728000e+005    1.728000e+005    1.171976e-005    1.364242e-012    0.000000e+000    8.000000e+000            9.619890e-003            5.153751e+003            4.919848e-009           -1.004519e+000            8.322860e-001           -1.247096e+000            9.483290e-001   -8.478924e-009    3.250136e-011    4.928559e-006    3.760681e-006    1.657754e-007    1.564622e-007    7.040625e+001    2.771250e+002 145
172818.164445153 20    1.800000e+005    1.800000e+005   -5.546631e-005    2.728484e-012    0.000000e+000    8.500000e+000            2.472985e-003            5.153718e+003            4.315180e-009            2.342025e+000            2.257128e+000            8.724653e-001            9.591220e-001   -7.904972e-009    1.360771e-010    9.469688e-006   -2.365559e-006    3.539026e-008   -3.539026e-008   -4.778125e+001    1.970938e+002  12
172818.164445153  1    1.800000e+005    1.800000e+005    1.449557e-004    1.591616e-012    0.000000e+000    8.000000e+000            4.908667e-003            5.153666e+003            4.680909e-009           -1.060740e+000           -1.732263e+000            1.940360e+000            9.614774e-001   -8.190698e-009    3.835874e-010    7.141382e-006    3.427267e-007    7.636845e-008   -4.470348e-008    4.500000e+000    2.430625e+002 233
172818.164445153 19    1.800000e+005    1.800000e+005    2.951329e-004    1.148237e-011    0.000000e+000    8.000000e+000            6.075780e-003            5.153653e+003            5.568089e-009           -1.292534e+000           -2.622310e+000            2.885647e+000            9.282463e-001   -8.549999e-009   -1.310769e-010    6.593764e-006   -1.549721e-006   -2.235174e-008    1.154840e-007   -2.906250e+001    2.330625e+002 213
172818.164445153 28    1.800000e+005    1.800000e+005   -3.637979e-005    1.000444e-011    0.000000e+000    8.500000e+000            5.237448e-003            5.153611e+003            4.441971e-009           -1.678054e+000           -2.487766e+000           -2.271982e+000            9.606534e-001   -7.899972e-009   -1.178621e-010    1.130067e-005    2.317131e-006   -6.705523e-008    4.656613e-008    4.234375e+001    1.614375e+002  27
172818.164445153 27    1.800000e+005    1.800000e+005    3.129430e-005    1.023182e-012    0.000000e+000    8.500000e+000            1.438174e-002            5.153445e+003            5.204145e-009           -1.671041e+000           -2.694690e+000            2.928667e+000            9.417148e-001   -8.316061e-009   -1.785789e-011    6.837770e-006   -2.002344e-006   -1.359731e-007    1.415610e-007   -3.446875e+001    2.339688e+002  93
172818.164445153 13    1.800000e+005    1.800000e+005   -8.306555e-004    5.684342e-013    0.000000e+000    7.800000e+000            2.220185e-003            5.151892e+003            4.538046e-009           -2.938862e+000           -5.340664e-001            1.917831e+000            9.656142e-001   -8.088194e-009    4.000167e-010    7.029623e-006    2.980232e-007    7.450581e-009   -5.215406e-008    4.500000e+000    2.449688e+002  13
172818.164445153  3    1.800000e+005    1.800000e+005    4.127156e-005    3.296918e-012    0.000000e+000    7.800000e+000            1.299463e-003            5.153684e+003            5.195931e-009            6.490393e-001            8.367832e-001           -1.259821e+000            9.395239e-001   -8.644646e-009    1.089331e-010    5.407259e-006    4.611909e-006   -2.048910e-008    5.215406e-008    8.700000e+001    2.606875e+002  57
172818.164445153  8    1.800000e+005    1.800000e+005    5.123145e-004    3.535661e-011    0.000000e+000    8.000000e+000            7.758852e-003            5.153667e+003            4.871631e-009           -4.686148e-001            1.904348e+000            2.994942e+000            9.584819e-001   -8.323203e-009   -2.035799e-010    7.847324e-006   -1.717359e-006   -3.166497e-008   -7.450581e-008   -2.971875e+001    2.302500e+002  56
172878.165332739 31    1.800000e+005    1.800000e+005    1.173001e-005    1.364242e-012    0.000000e+000    8.000000e+000            9.619990e-003            5.153751e+003            5.065568e-009            4.555984e-002            8.323455e-001           -1.247158e+000            9.483286e-001   -8.661075e-009    5.785955e-011    5.133450e-006    4.136935e-006    8.009374e-008   -2.607703e-008    7.600000e+001    2.709375e+002 146
173419.173328829 22    1.800000e+005    1.800000e+005    2.936260e-004    2.876277e-011    0.000000e+000    7.800000e+000            1.334142e-002            5.153625e+003            5.092712e-009            2.087624e+000            5.945473e-001           -2.327469e+000            9.334658e-001   -8.217485e-009   -2.232236e-010    1.180172e-005    1.983717e-006   -9.499490e-008   -3.501773e-007    3.875000e+001    1.398750e+002 201
174487.189121595 10    1.800000e+005    1.800000e+005    5.690334e-005    5.684342e-013    0.000000e+000    8.500000e+000            4.053671e-003            5.153700e+003            4.011239e-009            2.459485e+000           -1.776070e-002            8.708302e-001            9.758459e-001   -7.763180e-009    1.342913e-010    1.036003e-005   -1.868233e-006    2.421439e-008   -2.235174e-008   -3.550000e+001    1.888750e+002 102
175987.211369885  2    1.800000e+005    1.800000e+005   -2.717674e-004   -5.229595e-012    0.000000e+000    8.000000e+000            2.039973e-002            5.153690e+003            4.948420e-009            2.325880e+000           -2.091141e+000           -2.341235e+000            9.338431e-001   -7.943188e-009   -1.442917e-010    1.070276e-005    1.393259e-006   -3.669411e-007    4.097819e-008    3.143750e+001    1.567500e+002 211
175987.211369885  3    1.799840e+005    1.799840e+005    4.127529e-005    3.410605e-012    0.000000e+000    7.800000e+000            1.299470e-003            5.153684e+003            5.195931e-009            6.467057e-001            8.367832e-001           -1.259821e+000            9.395239e-001   -8.644646e-009    1.089331e-010    5.407259e-006    4.611909e-006   -2.048910e-008    5.215406e-008    8.700000e+001    2.606875e+002  79
180004.273080540 31    1.799840e+005    1.799840e+005    1.171418e-005    1.364242e-012    0.000000e+000    7.800000e+000            9.619997e-003            5.153751e+003            5.065568e-009            4.322579e-002            8.323459e-001           -1.247158e+000            9.483285e-001   -8.661075e-009    5.785955e-011    5.133450e-006    4.136935e-006    8.009374e-008   -2.607703e-008    7.600000e+001    2.709375e+002 168
180004.273080540 28    1.799840e+005    1.799840e+005   -3.638119e-005    1.000444e-011    0.000000e+000    8.000000e+000            5.237452e-003            5.153611e+003            4.441971e-009           -1.680388e+000           -2.487766e+000           -2.271982e+000            9.606535e-001   -7.899972e-009   -1.178621e-010    1.130067e-005    2.317131e-006   -6.705523e-008    4.656613e-008    4.234375e+001    1.614375e+002   6
180018.273309279 31    1.871840e+005    1.871840e+005    1.172395e-005    1.364242e-012    0.000000e+000    7.800000e+000            9.621451e-003            5.153753e+003            5.067354e-009            1.093334e+000            8.323741e-001           -1.247220e+000            9.483289e-001   -8.649646e-009    5.535945e-011    5.673617e-006    4.706904e-006    8.568168e-008   -6.519258e-008    8.700000e+001    2.643438e+002 169
180018.273309279  1    1.872000e+005    1.872000e+005    1.449669e-004    1.591616e-012    0.000000e+000    8.000000e+000            4.908158e-003            5.153665e+003            4.707696e-009           -1.066365e-002           -1.732151e+000            1.940300e+000            9.614801e-001   -8.217485e-009    3.914449e-010    7.268041e-006    1.862645e-008    2.235174e-008   -5.215406e-008   -1.000000e+000    2.408750e+002 234
180018.273309279  2    1.872000e+005    1.872000e+005   -2.718046e-004   -5.229595e-012    0.000000e+000    8.000000e+000            2.039967e-002            5.153690e+003            4.944492e-009           -2.907120e+000           -2.091152e+000           -2.341292e+000            9.338422e-001   -7.911401e-009   -1.032186e-010    1.078099e-005    1.458451e-006   -2.402812e-007    2.086163e-007    3.156250e+001    1.532500e+002 206
180018.273309279 19    1.872000e+005    1.872000e+005    2.952148e-004    1.148237e-011    0.000000e+000    8.500000e+000            6.075644e-003            5.153652e+003            5.614162e-009           -2.423810e-001           -2.622261e+000            2.885586e+000            9.282447e-001   -8.666432e-009   -1.600067e-010    6.757677e-006   -1.359731e-006    6.705523e-008    5.029142e-008   -2.659375e+001    2.321875e+002 214
180018.273309279 27    1.872000e+005    1.872000e+005    3.130175e-005    1.023182e-012    0.000000e+000    8.500000e+000            1.438136e-002            5.153442e+003            5.304864e-009           -6.208165e-001           -2.694588e+000            2.928608e+000            9.417134e-001   -8.548213e-009   -1.650069e-010    6.791204e-006   -1.123175e-006    1.378357e-007    2.719462e-007   -2.353125e+001    2.362500e+002  94
180018.273309279 10    1.872000e+005    1.872000e+005    5.690753e-005    5.684342e-013    0.000000e+000    8.500000e+000            4.051656e-003            5.153704e+003            3.939807e-009           -2.773616e+000           -1.768439e-002            8.707743e-001            9.758468e-001   -7.772109e-009    1.360771e-010    9.719282e-006   -2.112240e-006    1.490116e-008   -3.539026e-008   -4.040625e+001    2.027813e+002 103
180018.273309279 13    1.872000e+005    1.872000e+005   -8.306517e-004    5.684342e-013    0.000000e+000    7.800000e+000            2.220906e-003            5.151889e+003            4.533046e-009           -1.887979e+000           -5.336770e-001            1.917773e+000            9.656171e-001   -8.077122e-009    4.053740e-010    7.491559e-006    1.490116e-008   -1.490116e-008   -2.793968e-008   -8.125000e-001    2.385625e+002  14
180018.273309279  3    1.871840e+005    1.871840e+005    4.129950e-005    3.410605e-012    0.000000e+000    7.800000e+000            1.298791e-003            5.153680e+003            5.263791e-009            1.698219e+000            8.354513e-001           -1.259884e+000            9.395250e-001   -8.605358e-009    1.760788e-010    5.101785e-006    5.055219e-006    0.000000e+000   -3.352761e-008    9.775000e+001    2.687500e+002  80
180018.273309279  8    1.872000e+005    1.872000e+005    5.125687e-004    3.524292e-011    0.000000e+000    8.000000e+000            7.758246e-003            5.153666e+003            4.868417e-009            5.815708e-001            1.904350e+000            2.994882e+000            9.584803e-001   -8.332133e-009   -2.267952e-010    7.545575e-006   -1.560897e-006   -5.215406e-008   -4.842877e-008   -2.728125e+001    2.337813e+002  57
180288.277758936 28    1.871840e+005    1.871840e+005   -3.630901e-005    1.000444e-011    0.000000e+000    8.000000e+000            5.237165e-003            5.153608e+003            4.532689e-009           -6.303871e-001           -2.487547e+000           -2.272039e+000            9.606521e-001   -7.992833e-009   -1.596495e-010    1.143478e-005    2.721325e-006    3.911555e-008    4.097819e-008    5.106250e+001    1.595313e+002   7
182239.310744274  7    1.872000e+005    1.872000e+005    9.328779e-005    5.820766e-011    0.000000e+000    7.800000e+000            1.157978e-002            5.153599e+003            4.891989e-009            2.228141e+000           -2.064802e+000           -1.247606e+000            9.488816e-001   -8.258201e-009    9.036091e-011    5.671754e-006    3.578141e-006   -2.514571e-007   -2.607703e-008    7.284375e+001    2.616875e+002 234
183253.328327851 26    1.872000e+005    1.872000e+005    5.568764e-004    4.320100e-012    0.000000e+000    7.800000e+000            1.229420e-002            5.153581e+003            4.637693e-009            1.837451e+000            1.483165e-001            1.923303e+000            9.644184e-001   -8.163911e-009    2.453674e-010    7.435679e-006    7.301569e-007    2.123415e-007   -8.940697e-008    1.237500e+001    2.391563e+002 218
183979.341113775 11    1.872000e+005    1.872000e+005    6.003729e-004    2.103206e-011    0.000000e+000    7.800000e+000            2.389893e-003            5.153629e+003            5.549160e-009           -2.707246e+000           -2.863282e+000           -2.114142e-001            9.242643e-001   -8.826796e-009   -2.771544e-010    3.566965e-006   -2.723187e-006   -2.048910e-008   -5.960464e-008   -5.206250e+001    2.882813e+002  13
183979.341113775 27    1.871840e+005    1.871840e+005    3.131153e-005    1.023182e-012    0.000000e+000    7.800000e+000            1.438137e-002            5.153442e+003            5.304864e-009           -6.231511e-001           -2.694588e+000            2.928608e+000            9.417134e-001   -8.548213e-009   -1.650069e-010    6.791204e-006   -1.123175e-006    1.378357e-007    2.719462e-007   -2.353125e+001    2.362500e+002 116
187218.399364019  7    1.944000e+005    1.944000e+005    9.370642e-005    5.820766e-011    0.000000e+000    7.800000e+000            1.157754e-002            5.153603e+003            4.885561e-009           -3.004871e+000           -2.064746e+000           -1.247665e+000            9.488823e-001   -8.276416e-009    1.514349e-010    5.625188e-006    4.643574e-006   -2.253801e-007    1.490116e-007    9.000000e+001    2.611563e+002 235
187218.399364019 26    1.944000e+005    1.944000e+005    5.569072e-004    4.206413e-012    0.000000e+000    7.800000e+000            1.229352e-002            5.153583e+003            4.473758e-009            2.887608e+000            1.483968e-001            1.923244e+000            9.644216e-001   -7.923187e-009    3.889448e-010    7.478520e-006    2.142042e-007   -8.568168e-008   -1.788139e-007    3.218750e+000    2.387813e+002 219
187218.399364019  2    1.944000e+005    1.944000e+005   -2.718423e-004   -5.229595e-012    0.000000e+000    8.500000e+000            2.040027e-002            5.153688e+003            4.949492e-009           -1.856994e+000           -2.091103e+000           -2.341349e+000            9.338418e-001   -7.944259e-009   -4.428756e-011    1.035631e-005    1.966953e-006   -9.126961e-008    3.147870e-007    3.934375e+001    1.584375e+002 207
187218.399364019 27    1.943840e+005    1.943840e+005    3.131898e-005    1.023182e-012    0.000000e+000    7.800000e+000            1.438106e-002            5.153442e+003            5.280934e-009            4.271801e-001           -2.694591e+000            2.928546e+000            9.417121e-001   -8.533927e-009   -2.335812e-010    6.973743e-006   -1.231208e-006    2.980232e-007    7.264316e-008   -2.575000e+001    2.353438e+002 117
187218.399364019  8    1.944000e+005    1.944000e+005    5.128230e-004    3.524292e-011    0.000000e+000    8.000000e+000            7.758327e-003            5.153666e+003            4.768056e-009            1.631759e+000            1.904350e+000            2.994823e+000            9.584798e-001   -8.097837e-009   -2.050086e-010    7.398427e-006   -1.594424e-006   -1.192093e-007    1.676381e-007   -2.837500e+001    2.337500e+002  52
187369.402116708 11    1.944000e+005    1.944000e+005    6.005242e-004    2.103206e-011    0.000000e+000    7.800000e+000            2.390281e-003            5.153628e+003            5.599162e-009           -1.657160e+000           -2.863150e+000           -2.114783e-001            9.242625e-001   -8.861798e-009   -2.075086e-010    3.520399e-006   -2.849847e-006    1.490116e-008    2.421439e-008   -5.578125e+001    2.896563e+002  14
189649.444392368  9    1.944000e+005    1.944000e+005   -8.659903e-006   -1.705303e-012    0.000000e+000    8.000000e+000            1.082961e-002            5.153650e+003            5.197002e-009            1.113791e+000            6.391269e-001            2.946848e+000            9.444703e-001   -8.517498e-009   -3.071557e-010    7.163733e-006   -1.294538e-006    1.229346e-007   -4.097819e-008   -2.465625e+001    2.337813e+002 127
191479.479029709  4    1.944000e+005    1.944000e+005    4.315893e-004    3.115019e-011    0.000000e+000    8.000000e+000            5.225772e-003            5.153559e+003            4.319108e-009            4.483589e-001           -5.411165e-001           -1.523797e-001            9.761623e-001   -8.254987e-009   -2.810832e-010    4.561618e-006   -2.611428e-006   -1.862645e-008    8.568168e-008   -4.750000e+001    3.000625e+002  77
194420.535354244  7    2.016000e+005    2.016000e+005    9.412505e-005    5.809397e-011    0.000000e+000    8.000000e+000            1.157852e-002            5.153600e+003            4.943777e-009           -1.954740e+000           -2.064649e+000           -1.247726e+000            9.488840e-001   -8.286774e-009    2.732257e-010    5.232170e-006    5.066395e-006   -3.725290e-008    1.899898e-007    9.753125e+001    2.700000e+002 236
194420.535354244  9    2.016000e+005    2.016000e+005   -8.671544e-006   -1.705303e-012    0.000000e+000    8.000000e+000            1.082971e-002            5.153650e+003            5.086283e-009            2.163999e+000            6.391202e-001            2.946786e+000            9.444694e-001   -8.304989e-009   -1.428631e-010    7.217750e-006   -1.301989e-006   -1.154840e-007   -2.179295e-007   -2.387500e+001    2.326563e+002 128
194420.535354244 26    2.016000e+005    2.016000e+005    5.569379e-004    4.206413e-012    0.000000e+000    7.800000e+000            1.229510e-002            5.153580e+003            4.516974e-009           -2.345379e+000            1.484359e-001            1.923187e+000            9.644244e-001   -7.963189e-009    4.346610e-010    7.940456e-006   -3.464520e-007   -1.899898e-007   -8.381903e-008   -6.062500e+000    2.311563e+002 220
194420.535354244  2    2.016000e+005    2.016000e+005   -2.718801e-004   -5.229595e-012    0.000000e+000    8.500000e+000            2.040063e-002            5.153688e+003            5.135214e-009           -8.068258e-001           -2.091096e+000           -2.341407e+000            9.338385e-001   -8.523926e-009   -1.914365e-010    1.072139e-005    2.596527e-006    3.855675e-007   -1.303852e-008    4.450000e+001    1.617500e+002 208
194420.535354244  4    2.016000e+005    2.016000e+005    4.318133e-004    3.103651e-011    0.000000e+000    8.000000e+000            5.225885e-003            5.153559e+003            4.387683e-009            1.498672e+000           -5.411802e-001           -1.524389e-001            9.761603e-001   -8.214985e-009   -3.128702e-010    4.250556e-006   -2.533197e-006    5.774200e-008    3.911555e-008   -5.143750e+001    3.022813e+002  72
194803.542756004 24    2.016000e+005    2.016000e+005    1.974870e-006    3.069545e-012    0.000000e+000    8.500000e+000            9.176389e-003            5.153637e+003            4.071241e-009            2.150791e+000           -1.698714e+000           -1.393365e-001            9.861721e-001   -7.988547e-009   -2.739400e-010    4.375353e-006   -2.663583e-006   -1.154840e-007    7.078052e-008   -4.837500e+001    3.056563e+002  76
194887.544386502  5    2.015840e+005    2.015840e+005    2.654614e-004    1.477929e-012    0.000000e+000    7.800000e+000            2.274147e-003            5.153616e+003            4.968421e-009            1.412990e+000            2.211757e-001           -2.321600e+000            9.368520e-001   -8.223557e-009   -1.971511e-010    1.065619e-005    1.581386e-006    2.793968e-008   -4.284084e-008    3.318750e+001    1.607188e+002 104
200413.652912407 30    2.016000e+005    2.016000e+005   -3.826106e-005   -1.705303e-012    0.000000e+000    8.000000e+000            5.440467e-003            5.153607e+003            4.901276e-009           -3.427772e-001            1.434067e+000           -2.289632e+000            9.440357e-001   -8.250344e-009   -1.153619e-010    1.042709e-005    1.631677e-006    7.078052e-008   -7.078052e-008    3.259375e+001    1.734375e+002 102
200413.652912407 24    2.015840e+005    2.015840e+005    1.977198e-006    3.069545e-012    0.000000e+000    7.800000e+000            9.176394e-003            5.153637e+003            4.071241e-009            2.148455e+000           -1.698711e+000           -1.393364e-001            9.861721e-001   -7.988547e-009   -2.739400e-010    4.375353e-006   -2.663583e-006   -1.154840e-007    7.078052e-008   -4.837500e+001    3.056563e+002  97
200413.652912407  2    2.015840e+005    2.015840e+005   -2.718675e-004   -5.229595e-012    0.000000e+000    7.800000e+000            2.040064e-002            5.153688e+003            5.135214e-009           -8.091592e-001           -2.091096e+000           -2.341407e+000            9.338385e-001   -8.523926e-009   -1.914365e-010    1.072139e-005    2.596527e-006    3.855675e-007   -1.303852e-008    4.450000e+001    1.617500e+002 232
200413.652912407  4    2.015840e+005    2.015840e+005    4.318110e-004    3.115019e-011    0.000000e+000    7.800000e+000            5.225911e-003            5.153559e+003            4.387683e-009            1.496336e+000           -5.411784e-001           -1.524387e-001            9.761603e-001   -8.214985e-009   -3.128702e-010    4.250556e-006   -2.533197e-006    5.774200e-008    3.911555e-008   -5.143750e+001    3.022813e+002  96
201618.676851801  7    2.088000e+005    2.088000e+005    9.454368e-005    5.809397e-011    0.000000e+000    8.000000e+000            1.157868e-002            5.153602e+003            5.006280e-009           -9.044436e-001           -2.064717e+000           -1.247786e+000            9.488844e-001   -8.577858e-009    1.871507e-010    5.222857e-006    5.125999e-006    2.346933e-007    4.097819e-008    9.428125e+001    2.751250e+002 231
201618.676851801  9    2.088000e+005    2.088000e+005   -8.683652e-006   -1.705303e-012    0.000000e+000    8.000000e+000            1.083045e-002            5.153648e+003            5.017709e-009           -3.068962e+000            6.390952e-001            2.946727e+000            9.444691e-001   -8.126053e-009   -1.467918e-010    7.415190e-006   -1.415610e-006   -1.117587e-007   -2.421439e-008   -2.703125e+001    2.279375e+002 129
201618.676851801 24    2.087840e+005    2.087840e+005    1.999084e-006    3.069545e-012    0.000000e+000    7.800000e+000            9.177100e-003            5.153636e+003            4.174102e-009           -3.084471e+000           -1.698770e+000           -1.393941e-001            9.861702e-001   -7.992833e-009   -2.210806e-010    4.414469e-006   -2.704561e-006   -1.490116e-008    1.564622e-007   -5.525000e+001    3.058125e+002  98
201618.676851801  4    2.087840e+005    2.087840e+005    4.320350e-004    3.103651e-011    0.000000e+000    7.800000e+000            5.225639e-003            5.153559e+003            4.428756e-009            2.546561e+000           -5.411522e-001           -1.524982e-001            9.761583e-001   -8.204627e-009   -2.435816e-010    4.569069e-006   -2.590939e-006    1.490116e-007    0.000000e+000   -5.384375e+001    3.001250e+002  97
201618.676851801  5    2.088000e+005    2.088000e+005    2.654721e-004    1.477929e-012    0.000000e+000    7.800000e+000            2.274684e-003            5.153616e+003            4.911276e-009            2.465564e+000            2.211550e-001           -2.321660e+000            9.368507e-001   -8.194984e-009   -1.835791e-010    1.085177e-005    1.959503e-006   -2.607703e-008   -6.146729e-008    3.750000e+001    1.546563e+002 105
201648.677448086 30    2.088000e+005    2.088000e+005   -3.827363e-005   -1.705303e-012    0.000000e+000    8.000000e+000            5.442206e-003            5.153610e+003            4.783414e-009            7.073934e-001            1.434119e+000           -2.289691e+000            9.440345e-001   -8.249272e-009   -2.060800e-010    1.080520e-005    1.605600e-006   -4.284084e-008   -7.636845e-008    3.193750e+001    1.608750e+002 103
203269.709653365  6    2.088000e+005    2.088000e+005    6.519258e-009    0.000000e+000    0.000000e+000    8.500000e+000            6.983736e-003            5.153653e+003            4.975564e-009           -2.899222e+000           -2.355467e+000           -1.217011e+000            9.470794e-001   -8.360348e-009    1.803647e-010    5.809590e-006    4.265457e-006   -1.732260e-007    3.166497e-008    8.575000e+001    2.623125e+002 230
204229.728842025 10    2.088000e+005    2.088000e+005    5.691964e-005    5.684342e-013    0.000000e+000    8.500000e+000            4.052911e-003            5.153702e+003            4.051954e-009            3.769915e-001           -1.781469e-002            8.706060e-001            9.758480e-001   -7.893543e-009    1.071473e-012    1.010112e-005   -3.656372e-006    3.725290e-009    7.078052e-008   -7.050000e+001    1.896563e+002 100
208804.820982788  6    2.087840e+005    2.087840e+005   -7.916242e-009    0.000000e+000    0.000000e+000    7.800000e+000            6.983724e-003            5.153653e+003            4.975564e-009           -2.901557e+000           -2.355466e+000           -1.217011e+000            9.470794e-001   -8.360348e-009    1.803647e-010    5.809590e-006    4.265457e-006   -1.732260e-007    3.166497e-008    8.575000e+001    2.623125e+002  17
208804.820982788 10    2.087840e+005    2.087840e+005    5.692150e-005    5.684342e-013    0.000000e+000    7.800000e+000            4.052931e-003            5.153702e+003            4.052312e-009            3.746542e-001           -1.781115e-002            8.706061e-001            9.758480e-001   -7.893901e-009    1.071473e-012    1.010112e-005   -3.656372e-006    3.725290e-009    7.078052e-008   -7.050000e+001    1.896563e+002 123
208818.821262358 30    2.160000e+005    2.160000e+005   -3.828574e-005   -1.705303e-012    0.000000e+000    8.500000e+000            5.441675e-003            5.153607e+003            4.728411e-009            1.757874e+000            1.433861e+000           -2.289750e+000            9.440339e-001   -8.089265e-009   -1.607210e-010    1.109764e-005    2.102926e-006   -1.918525e-007    2.793968e-008    4.106250e+001    1.550000e+002  98
208818.821262358 24    2.160000e+005    2.160000e+005    2.021436e-006    3.069545e-012    0.000000e+000    7.800000e+000            9.177180e-003            5.153635e+003            4.152673e-009           -2.031979e+000           -1.698727e+000           -1.394521e-001            9.861692e-001   -7.957117e-009   -1.275053e-010    4.511327e-006   -2.447516e-006    7.078052e-008    5.401671e-008   -5.103125e+001    3.035938e+002  99
208818.821262358  6    2.159840e+005    2.159840e+005   -7.916242e-009    0.000000e+000    0.000000e+000    7.800000e+000            6.983661e-003            5.153652e+003            4.917705e-009           -1.851462e+000           -2.355364e+000           -1.217072e+000            9.470811e-001   -8.382849e-009    2.842976e-010    5.289912e-006    4.660338e-006   -5.215406e-008    1.117587e-007    9.393750e+001    2.659375e+002  18
208818.821262358  5    2.160000e+005    2.160000e+005    2.654833e-004    1.477929e-012    0.000000e+000    8.000000e+000            2.274299e-003            5.153616e+003            4.825201e-009           -2.767264e+000            2.210168e-001           -2.321718e+000            9.368497e-001   -8.122838e-009   -1.821504e-010    1.089834e-005    2.233312e-006   -3.352761e-008    9.313226e-009    4.331250e+001    1.563750e+002 106
208818.821262358 10    2.159840e+005    2.159840e+005    5.692570e-005    5.684342e-013    0.000000e+000    7.800000e+000            4.053506e-003            5.153704e+003            4.063384e-009            1.424610e+000           -1.760708e-002            8.705496e-001            9.758480e-001   -7.862114e-009   -2.250094e-011    1.025014e-005   -3.067777e-006    4.470348e-008    4.097819e-008   -6.346875e+001    1.873125e+002 124
208999.824890901 17    2.160000e+005    2.160000e+005   -2.742875e-004   -1.705303e-012    0.000000e+000    8.500000e+000            1.233551e-002            5.153702e+003            4.210175e-009           -2.186317e+000            3.018355e+000           -6.979597e-002            9.839441e-001   -8.080693e-009   -1.250052e-010    5.254522e-006   -2.877787e-006   -1.341105e-007   -2.328306e-007   -5.584375e+001    2.952188e+002 221
213799.922075652 30    2.159840e+005    2.159840e+005   -3.828947e-005   -1.705303e-012    0.000000e+000    7.800000e+000            5.441684e-003            5.153607e+003            4.728411e-009            1.755537e+000            1.433864e+000           -2.289750e+000            9.440339e-001   -8.089265e-009   -1.607210e-010    1.109764e-005    2.102926e-006   -1.918525e-007    2.793968e-008    4.106250e+001    1.550000e+002 123
213799.922075652 23    2.160000e+005    2.160000e+005    1.563458e-005    4.547474e-013    0.000000e+000    7.800000e+000            1.491228e-002            5.153647e+003            3.930521e-009            1.636462e+000           -1.882331e+000            9.177887e-001            9.784874e-001   -7.850327e-009    8.178912e-011    9.901822e-006   -4.081056e-006   -3.241003e-007   -2.142042e-007   -7.575000e+001    2.023438e+002 159
215659.959678780 17    2.159840e+005    2.159840e+005   -2.742782e-004   -1.705303e-012    0.000000e+000    7.800000e+000            1.233550e-002            5.153702e+003            4.210175e-009           -2.188649e+000            3.018354e+000           -6.979589e-002            9.839441e-001   -8.080693e-009   -1.250052e-010    5.254522e-006   -2.877787e-006   -1.341105e-007   -2.328306e-007   -5.584375e+001    2.952188e+002   3
215659.959678780 22    2.160000e+005    2.160000e+005    2.946714e-004    2.876277e-011    0.000000e+000    7.800000e+000            1.334376e-002            5.153623e+003            5.027352e-009            1.055342e+000            5.947252e-001           -2.327764e+000            9.334603e-001   -8.361063e-009   -3.625151e-010    1.057237e-005    1.819804e-006    1.043081e-007   -1.974404e-007    3.012500e+001    1.627813e+002 226
215779.962104977 26    2.160000e+005    2.160000e+005    5.569989e-004    4.206413e-012    0.000000e+000    8.000000e+000            1.229463e-002            5.153577e+003            4.691267e-009           -2.449994e-001            1.485345e-001            1.923072e+000            9.644294e-001   -8.273916e-009    2.925122e-010    7.627532e-006   -8.195639e-008    8.754432e-008    2.011657e-007   -8.125000e-001    2.334063e+002 222
216018.966941732 17    2.231840e+005    2.231840e+005   -2.742903e-004   -1.705303e-012    0.000000e+000    7.800000e+000            1.233566e-002            5.153701e+003            4.170174e-009           -1.138524e+000            3.018391e+000           -6.985507e-002            9.839436e-001   -8.159269e-009   -2.321525e-011    4.796311e-006   -3.205612e-006   -1.527369e-007   -1.862645e-008   -5.859375e+001    2.973750e+002   4
216018.966941732 26    2.232000e+005    2.232000e+005    5.570296e-004    4.206413e-012    0.000000e+000    8.000000e+000            1.229522e-002            5.153578e+003            4.687338e-009            8.052200e-001            1.485560e-001            1.923013e+000            9.644317e-001   -8.178555e-009    2.164376e-010    7.368624e-006    3.669411e-007    2.477318e-007    8.568168e-008    3.468750e+000    2.353438e+002 223
216018.966941732 30    2.231840e+005    2.231840e+005   -3.830204e-005   -1.705303e-012    0.000000e+000    7.800000e+000            5.441324e-003            5.153609e+003            4.621978e-009            2.805626e+000            1.433997e+000           -2.289807e+000            9.440331e-001   -7.938902e-009   -2.210806e-010    1.084618e-005    2.337620e-006   -1.676381e-008    6.891787e-008    4.521875e+001    1.600938e+002 124
216018.966941732  6    2.232000e+005    2.232000e+005   -8.381903e-009    0.000000e+000    0.000000e+000    7.800000e+000            6.984069e-003            5.153653e+003            4.892704e-009           -7.989220e-001           -2.355374e+000           -1.217132e+000            9.470824e-001   -8.524284e-009    2.189377e-010    5.194917e-006    5.101785e-006    1.080334e-007    1.080334e-007    9.534375e+001    2.715625e+002  19
216018.966941732 23    2.232000e+005    2.232000e+005    1.563830e-005    4.547474e-013    0.000000e+000    8.000000e+000            1.491292e-002            5.153643e+003            3.924092e-009            2.686779e+000           -1.882454e+000            9.177341e-001            9.784893e-001   -7.526385e-009    3.821588e-011    1.024827e-005   -3.926456e-006   -1.601875e-007    1.098961e-007   -7.696875e+001    1.866250e+002 154
216018.966941732 10    2.232000e+005    2.232000e+005    5.692942e-005    5.684342e-013    0.000000e+000    7.800000e+000            4.054376e-003            5.153700e+003            4.169102e-009            2.477642e+000           -1.814489e-002            8.704925e-001            9.758483e-001   -7.811754e-009    6.535987e-011    9.799376e-006   -2.669170e-006    6.891787e-008   -8.195639e-008   -5.221875e+001    1.999375e+002 125
216018.966941732 22    2.232000e+005    2.232000e+005    2.948786e-004    2.876277e-011    0.000000e+000    7.800000e+000            1.334440e-002            5.153623e+003            5.014852e-009            2.105529e+000            5.947532e-001           -2.327825e+000            9.334582e-001   -8.229629e-009   -2.850119e-010    1.112930e-005    1.549721e-006   -1.154840e-007   -2.942979e-007    3.084375e+001    1.528125e+002 227
220118.050593736 21    2.232000e+005    2.232000e+005    1.607183e-005    5.684342e-013    0.000000e+000    8.000000e+000            1.657852e-002            5.153688e+003            3.988380e-009            2.647990e+000           -2.525171e+000            8.764812e-001            9.753918e-001   -7.619603e-009    9.178954e-011    1.027808e-005   -4.142523e-006   -2.514571e-007   -1.266599e-007   -7.946875e+001    1.897188e+002   1
220634.061076629 15    2.231840e+005    2.231840e+005    8.609691e-004    4.206413e-012    0.000000e+000    7.800000e+000            7.634213e-003            5.153176e+003            4.344110e-009           -7.962751e-001            1.559839e+000           -1.092337e-001            9.822612e-001   -8.304632e-009   -1.150048e-010    4.868954e-006   -2.158806e-006    9.126961e-008   -1.229346e-007   -4.234375e+001    3.036875e+002 172
221204.072660207 28    2.232000e+005    2.232000e+005   -3.595045e-005    9.890755e-012    0.000000e+000    8.500000e+000            5.236875e-003            5.153609e+003            4.348753e-009           -1.660135e+000           -2.487553e+000           -2.272324e+000            9.606476e-001   -7.861399e-009   -1.803647e-010    1.074746e-005    1.817942e-006   -1.490116e-007    5.401671e-008    3.446875e+001    1.727500e+002   6
221990.088685623  3    2.231840e+005    2.231840e+005    4.143128e-005    3.410605e-012    0.000000e+000    7.800000e+000            1.301811e-003            5.153686e+003            5.049139e-009            6.661259e-001            8.352647e-001           -1.260190e+000            9.395307e-001   -8.542141e-009    1.646497e-010    6.344169e-006    4.723668e-006   -1.862645e-008    3.725290e-008    9.300000e+001    2.442188e+002 105
223204.113536063 26    2.231680e+005    2.231680e+005    5.570310e-004    4.206413e-012    0.000000e+000    7.800000e+000            1.229522e-002            5.153578e+003            4.687338e-009            8.005531e-001            1.485552e-001            1.923013e+000            9.644317e-001   -8.178555e-009    2.164376e-010    7.368624e-006    3.669411e-007    2.477318e-007    8.568168e-008    3.468750e+000    2.353438e+002   2
223218.113821498 28    2.304000e+005    2.304000e+005   -3.587920e-005    9.890755e-012    0.000000e+000    8.500000e+000            5.236598e-003            5.153607e+003            4.456971e-009           -6.101229e-001           -2.487345e+000           -2.272381e+000            9.606454e-001   -8.020692e-009   -2.625109e-010    1.091510e-005    2.264977e-006    4.097819e-008    8.381903e-008    4.275000e+001    1.708750e+002   7
223220.113862553 17    2.304000e+005    2.304000e+005   -2.743024e-004   -1.705303e-012    0.000000e+000    8.000000e+000            1.233443e-002            5.153699e+003            4.249820e-009           -8.609900e-002            3.018461e+000           -6.991376e-002            9.839426e-001   -8.277845e-009   -1.207193e-010    4.803762e-006   -2.542511e-006   -3.539026e-008    1.005828e-007   -4.806250e+001    2.966250e+002   5
223220.113862553 26    2.303680e+005    2.303680e+005    5.570618e-004    4.206413e-012    0.000000e+000    7.800000e+000            1.229546e-002            5.153581e+003            4.687338e-009            1.850663e+000            1.486855e-001            1.922954e+000            9.644330e-001   -8.123552e-009    1.960796e-010    8.275732e-006    4.023314e-007    2.458692e-007   -1.024455e-007    3.187500e+000    2.238750e+002   3
223220.113862553 21    2.304000e+005    2.304000e+005    1.607556e-005    5.684342e-013    0.000000e+000    8.000000e+000            1.657809e-002            5.153689e+003            3.979809e-009           -2.584989e+000           -2.525209e+000            8.764260e-001            9.753924e-001   -7.666391e-009    1.735787e-010    1.056492e-005   -3.971159e-006   -2.905726e-007    8.568168e-008   -7.346875e+001    1.816875e+002   2
223220.113862553  6    2.304000e+005    2.304000e+005   -8.847564e-009    0.000000e+000    0.000000e+000    7.800000e+000            6.982305e-003            5.153649e+003            4.881989e-009            2.512405e-001           -2.355339e+000           -1.217193e+000            9.470840e-001   -8.446066e-009    1.478633e-010    5.463138e-006    4.425645e-006    2.216548e-007   -1.862645e-008    8.271875e+001    2.681250e+002  20
223220.113862553 23    2.304000e+005    2.304000e+005    1.564156e-005    4.547474e-013    0.000000e+000    8.000000e+000            1.491304e-002            5.153643e+003            3.938021e-009           -2.546265e+000           -1.882401e+000            9.176789e-001            9.784899e-001   -7.561386e-009    1.967939e-010    9.879470e-006   -3.457069e-006    2.048910e-008    2.142042e-007   -6.696875e+001    1.931250e+002 155
223220.113862553 15    2.304000e+005    2.304000e+005    8.609998e-004    4.206413e-012    0.000000e+000    7.800000e+000            7.633944e-003            5.153175e+003            4.255534e-009            2.565113e-001            1.559871e+000           -1.092936e-001            9.822603e-001   -8.312489e-009   -1.539350e-010    4.498288e-006   -2.570450e-006    1.862645e-009   -1.154840e-007   -4.562500e+001    3.043438e+002 173
223220.113862553  3    2.303840e+005    2.303840e+005    4.145550e-005    3.410605e-012    0.000000e+000    7.800000e+000            1.301226e-003            5.153682e+003            5.072711e-009            1.717707e+000            8.338622e-001           -1.260252e+000            9.395320e-001   -8.524284e-009    1.950081e-010    5.943701e-006    5.416572e-006   -9.313226e-009    0.000000e+000    1.051563e+002    2.511250e+002 106
223220.113862553 22    2.304000e+005    2.304000e+005    2.950854e-004    2.876277e-011    0.000000e+000    8.000000e+000            1.334391e-002            5.153624e+003            4.888061e-009           -3.127418e+000            5.947303e-001           -2.327883e+000            9.334573e-001   -7.989976e-009   -2.689398e-010    1.097098e-005    1.879409e-006   -1.862645e-007   -2.793968e-008    3.878125e+001    1.535625e+002 222
224714.144284841 17    2.303840e+005    2.303840e+005   -2.742973e-004   -1.705303e-012    0.000000e+000    7.800000e+000            1.233444e-002            5.153698e+003            4.249820e-009           -8.843245e-002            3.018461e+000           -6.991363e-002            9.839426e-001   -8.277845e-009   -1.207193e-010    4.803762e-006   -2.542511e-006   -3.539026e-008    1.005828e-007   -4.806250e+001    2.966250e+002  29
224714.144284841 29    2.304000e+005    2.304000e+005    8.161459e-005    3.501555e-011    0.000000e+000    7.800000e+000            7.653776e-003            5.153763e+003            4.643765e-009            2.177633e+000           -1.900182e+000            1.894354e+000            9.612012e-001   -7.983190e-009    3.753728e-010    8.208677e-006   -3.054738e-007   -1.192093e-007    4.470348e-008   -3.968750e+000    2.195000e+002  99
227450.197414850  9    2.304000e+005    2.304000e+005   -8.719508e-006   -1.705303e-012    0.000000e+000    8.500000e+000            1.083181e-002            5.153647e+003            5.267005e-009            8.156288e-002            6.391750e-001            2.946549e+000            9.444632e-001   -8.558928e-009   -2.871548e-010    6.631017e-006   -1.009554e-006    1.341105e-007    3.911555e-008   -2.075000e+001    2.402188e+002 132
230404.249350334 21    2.303840e+005    2.303840e+005    1.608580e-005    5.684342e-013    0.000000e+000    7.800000e+000            1.657809e-002            5.153689e+003            3.979809e-009           -2.587323e+000           -2.525208e+000            8.764261e-001            9.753924e-001   -7.666391e-009    1.735787e-010    1.056492e-005   -3.971159e-006   -2.905726e-007    8.568168e-008   -7.346875e+001    1.816875e+002  21
230404.249350334  9    2.303520e+005    2.303520e+005   -8.734874e-006   -1.705303e-012    0.000000e+000    7.800000e+000            1.083179e-002            5.153647e+003            5.267005e-009            7.456231e-002            6.391742e-001            2.946549e+000            9.444632e-001   -8.558928e-009   -2.871548e-010    6.631017e-006   -1.009554e-006    1.341105e-007    3.911555e-008   -2.075000e+001    2.402188e+002 151
230418.249584938  9    2.375520e+005    2.375520e+005   -8.747447e-006   -1.705303e-012    0.000000e+000    7.800000e+000            1.083261e-002            5.153649e+003            5.273791e-009            1.124714e+000            6.392245e-001            2.946488e+000            9.444610e-001   -8.531784e-009   -3.064413e-010    7.085502e-006   -6.742775e-007    1.583248e-007   -3.539026e-008   -1.637500e+001    2.349063e+002 152
230418.249584938 31    2.376000e+005    2.376000e+005    1.179194e-005    1.364242e-012    0.000000e+000    8.500000e+000            9.622906e-003            5.153754e+003            4.807343e-009            2.163604e+000            8.322027e-001           -1.247646e+000            9.483377e-001   -8.333204e-009    1.803647e-010    6.254762e-006    5.166978e-006   -1.955777e-007   -8.381903e-008    1.020313e+002    2.529063e+002 170
230420.249618174 17    2.375840e+005    2.375840e+005   -2.743094e-004   -1.705303e-012    0.000000e+000    7.800000e+000            1.233616e-002            5.153702e+003            4.093385e-009            9.616394e-001            3.018551e+000           -6.997211e-002            9.839424e-001   -8.083551e-009   -1.846506e-010    4.330650e-006   -1.886860e-006    1.601875e-007    1.788139e-007   -3.634375e+001    3.055313e+002  30
230420.249618174 29    2.376000e+005    2.376000e+005    8.186698e-005    3.501555e-011    0.000000e+000    7.800000e+000            7.653315e-003            5.153765e+003            4.652694e-009           -3.055467e+000           -1.900141e+000            1.894297e+000            9.612039e-001   -7.951045e-009    3.714440e-010    8.137897e-006    7.636845e-008   -4.842877e-008    7.264316e-008    6.250000e-002    2.206875e+002 100
230420.249618174 21    2.375840e+005    2.375840e+005    1.608999e-005    5.684342e-013    0.000000e+000    7.800000e+000            1.657964e-002            5.153681e+003            4.072312e-009           -1.537399e+000           -2.524962e+000            8.763704e-001            9.753941e-001   -7.700320e-009    2.471532e-010    8.892268e-006   -3.170222e-006   -1.713634e-007    2.160668e-007   -5.787500e+001    2.102500e+002  22
230420.249618174 23    2.376000e+005    2.376000e+005    1.564482e-005    4.547474e-013    0.000000e+000    8.000000e+000            1.491480e-002            5.153639e+003            4.080170e-009           -1.496180e+000           -1.882288e+000            9.176248e-001            9.784904e-001   -7.763894e-009    1.017900e-010    9.357929e-006   -2.451241e-006    3.259629e-007    2.216548e-007   -5.043750e+001    2.053750e+002 156
230420.249618174 15    2.376000e+005    2.376000e+005    8.610305e-004    4.206413e-012    0.000000e+000    8.000000e+000            7.633834e-003            5.153175e+003            4.178745e-009            1.307030e+000            1.559836e+000           -1.093536e-001            9.822598e-001   -8.200342e-009   -9.000375e-011    4.520640e-006   -2.378598e-006   -1.620501e-007   -1.527369e-007   -4.365625e+001    3.027813e+002 174
230420.249618174  3    2.376000e+005    2.376000e+005    4.147971e-005    3.410605e-012    0.000000e+000    7.800000e+000            1.300960e-003            5.153683e+003            4.939491e-009            2.769763e+000            8.343190e-001           -1.260313e+000            9.395338e-001   -8.425351e-009    1.917937e-010    5.945563e-006    5.317852e-006    7.450581e-009    9.872019e-008    1.021250e+002    2.555625e+002 107
233978.305985720 25    2.376000e+005    2.376000e+005    8.354429e-006    3.410605e-013    0.000000e+000    8.000000e+000            8.333800e-003            5.153816e+003            5.321293e-009            1.902335e+000           -2.093790e+000            2.906378e+000            9.372227e-001   -8.397492e-009   -2.242951e-010    6.956980e-006   -1.512468e-006   -1.639128e-007   -1.508743e-007   -2.590625e+001    2.338125e+002 158
237604.359989630 25    2.375840e+005    2.375840e+005    8.344650e-006    2.273737e-013    0.000000e+000    7.800000e+000            8.333797e-003            5.153816e+003            5.321293e-009            1.900003e+000           -2.093792e+000            2.906378e+000            9.372227e-001   -8.397492e-009   -2.242951e-010    6.956980e-006   -1.512468e-006   -1.639128e-007   -1.508743e-007   -2.590625e+001    2.338125e+002 182
237618.360196864 31    2.448000e+005    2.448000e+005    1.180172e-005    1.364242e-012    0.000000e+000    8.500000e+000            9.623631e-003            5.153753e+003            4.709125e-009           -3.069480e+000            8.322341e-001           -1.247705e+000            9.483397e-001   -8.140339e-009    1.339342e-010    6.107613e-006    4.751608e-006   -3.725290e-008    6.146729e-008    9.318750e+001    2.565000e+002 171
237620.360226190 11    2.448000e+005    2.448000e+005    6.015832e-004    2.103206e-011    0.000000e+000    8.000000e+000            2.388869e-003            5.153626e+003            5.505586e-009           -5.900700e-001           -2.861908e+000           -2.119236e-001            9.242563e-001   -8.855369e-009   -3.535862e-011    2.954155e-006   -1.283363e-006   -3.166497e-008    5.587935e-009   -2.693750e+001    3.004063e+002  23
237620.360226190 29    2.448000e+005    2.448000e+005    8.211937e-005    3.501555e-011    0.000000e+000    8.000000e+000            7.652946e-003            5.153766e+003            4.657337e-009           -2.005274e+000           -1.900208e+000            1.894240e+000            9.612067e-001   -7.964974e-009    3.853732e-010    8.299947e-006   -1.806766e-007    1.117587e-008    1.024455e-007   -4.843750e+000    2.187813e+002 101
237620.360226190 21    2.448000e+005    2.448000e+005    1.609372e-005    5.684342e-013    0.000000e+000    7.800000e+000            1.658082e-002            5.153683e+003            4.184460e-009           -4.848680e-001           -2.524986e+000            8.763145e-001            9.753935e-001   -8.128910e-009    8.500355e-011    8.489937e-006   -2.741814e-006    2.663583e-007    1.098961e-007   -5.475000e+001    2.240000e+002  23
237620.360226190 25    2.447840e+005    2.447840e+005    8.346047e-006    2.273737e-013    0.000000e+000    7.800000e+000            8.333121e-003            5.153818e+003            5.340580e-009            2.950048e+000           -2.093737e+000            2.906318e+000            9.372215e-001   -8.317847e-009   -2.050086e-010    6.472692e-006   -1.059845e-006   -1.825392e-007    3.352761e-008   -2.125000e+001    2.374063e+002 183
237620.360226190 15    2.448000e+005    2.448000e+005    8.610613e-004    4.206413e-012    0.000000e+000    8.000000e+000            7.633232e-003            5.153177e+003            4.034097e-009            2.357361e+000            1.559988e+000           -1.094112e-001            9.822602e-001   -7.941759e-009   -1.167906e-010    4.105270e-006   -1.866370e-006   -5.774200e-008    1.192093e-007   -3.553125e+001    3.085313e+002 175
237620.360226190  3    2.448000e+005    2.448000e+005    4.150439e-005    3.410605e-012    0.000000e+000    7.800000e+000            1.303180e-003            5.153679e+003            4.949492e-009           -2.463272e+000            8.343476e-001           -1.260372e+000            9.395351e-001   -8.323918e-009    6.607418e-011    5.846843e-006    4.507601e-006    3.539026e-008   -8.009374e-008    8.584375e+001    2.576563e+002 108
239318.385500872 20    2.448000e+005    2.448000e+005   -5.528936e-005    2.728484e-012    0.000000e+000    8.500000e+000            2.468628e-003            5.153722e+003            4.416613e-009           -7.737016e-001            2.257845e+000            8.719457e-001            9.591263e-001   -8.101766e-009    1.096474e-010    9.650365e-006   -4.002824e-006   -5.587935e-009    3.725290e-009   -7.246875e+001    1.925938e+002  15
241460.418103022 30    2.448000e+005    2.448000e+005   -3.833929e-005   -1.705303e-012    0.000000e+000    7.800000e+000            5.441913e-003            5.153606e+003            4.917705e-009           -3.244476e-001            1.433889e+000           -2.289981e+000            9.440262e-001   -8.267487e-009   -2.789402e-010    9.894371e-006    1.339242e-006    7.450581e-008   -8.568168e-008    2.487500e+001    1.791250e+002 127
242810.438988653  1    2.448000e+005    2.448000e+005    1.450479e-004    1.477929e-012    0.000000e+000    8.000000e+000            4.905565e-003            5.153665e+003            4.732340e-009            2.108072e+000           -1.732578e+000            1.939832e+000            9.615006e-001   -8.023191e-009    4.335895e-010    8.363277e-006   -2.812594e-007   -5.587935e-008    7.078052e-008   -5.218750e+000    2.206875e+002  21
244804.470165583 11    2.447840e+005    2.447840e+005    6.015808e-004    2.091838e-011    0.000000e+000    7.800000e+000            2.388855e-003            5.153626e+003            5.505586e-009           -5.924012e-001           -2.861911e+000           -2.119235e-001            9.242563e-001   -8.855369e-009   -3.535862e-011    2.954155e-006   -1.283363e-006   -3.166497e-008    5.587935e-009   -2.693750e+001    3.004063e+002  15
244818.470386502 22    2.520000e+005    2.520000e+005    2.957061e-004    2.876277e-011    0.000000e+000    7.800000e+000            1.334601e-002            5.153619e+003            5.229504e-009            2.311238e-002            5.948511e-001           -2.328060e+000            9.334500e-001   -8.534641e-009   -3.292994e-010    9.348616e-006    1.354143e-006    1.918525e-007    5.960464e-008    2.343750e+001    1.826250e+002   9
244820.470417783 20    2.520000e+005    2.520000e+005   -5.526980e-005    2.728484e-012    0.000000e+000    8.500000e+000            2.465801e-003            5.153716e+003            4.448042e-009            2.761091e-001            2.258187e+000            8.718874e-001            9.591270e-001   -8.101409e-009    1.082188e-010    8.732080e-006   -3.077090e-006   -1.117587e-008    5.587935e-009   -5.743750e+001    2.074375e+002  17
244820.470417783 11    2.519840e+005    2.519840e+005    6.017317e-004    2.091838e-011    0.000000e+000    7.800000e+000            2.388660e-003            5.153626e+003            5.407368e-009            4.576474e-001           -2.861742e+000           -2.119867e-001            9.242564e-001   -8.742864e-009   -6.357408e-011    3.302470e-006   -1.078472e-006    6.332994e-008    7.450581e-008   -2.231250e+001    2.965313e+002  16
244820.470417783 29    2.520000e+005    2.520000e+005    8.237176e-005    3.501555e-011    0.000000e+000    8.000000e+000            7.652752e-003            5.153768e+003            4.685909e-009           -9.550160e-001           -1.900341e+000            1.894182e+000            9.612086e-001   -8.143910e-009    3.521575e-010    8.251518e-006   -4.768372e-007    1.303852e-007   -4.656613e-008   -1.187500e+001    2.230625e+002 102
244820.470417783 21    2.520000e+005    2.520000e+005    1.609791e-005    5.684342e-013    0.000000e+000    7.800000e+000            1.658043e-002            5.153682e+003            4.153030e-009            5.653423e-001           -2.525024e+000            8.762565e-001            9.753941e-001   -8.074622e-009   -5.357366e-012    8.195639e-006   -3.041700e-006    2.942979e-007   -1.043081e-007   -6.006250e+001    2.319375e+002  24
244820.470417783 25    2.520000e+005    2.520000e+005    8.347910e-006    2.273737e-013    0.000000e+000    7.800000e+000            8.332594e-003            5.153819e+003            5.401296e-009           -2.280705e+000           -2.093737e+000            2.906256e+000            9.372206e-001   -8.362491e-009   -7.143155e-012    6.763265e-006   -7.785857e-007    3.352761e-008    1.620501e-007   -1.759375e+001    2.350938e+002 184
244820.470417783  1    2.520000e+005    2.520000e+005    1.450586e-004    1.477929e-012    0.000000e+000    8.000000e+000            4.905195e-003            5.153666e+003            4.646979e-009           -3.124986e+000           -1.732519e+000            1.939775e+000            9.615037e-001   -7.978190e-009    4.043026e-010    8.266419e-006   -2.700835e-007    9.313226e-009    3.911555e-008   -1.687500e+000    2.209375e+002  22
244879.471356199 30    2.520000e+005    2.520000e+005   -3.835186e-005   -1.705303e-012    0.000000e+000    7.800000e+000            5.442919e-003            5.153608e+003            4.895561e-009            7.257362e-001            1.433929e+000           -2.290040e+000            9.440238e-001   -8.264987e-009   -3.603722e-010    1.030415e-005    1.264736e-006   -3.166497e-008   -9.685755e-008    2.371875e+001    1.718125e+002 128
247640.516173404 28    2.520000e+005    2.520000e+005   -3.566500e-005    9.890755e-012    0.000000e+000    8.500000e+000            5.235643e-003            5.153609e+003            4.377682e-009            2.540453e+000           -2.487260e+000           -2.272552e+000            9.606390e-001   -7.861756e-009   -3.132273e-010    9.926036e-006    1.441687e-006   -3.539026e-008   -5.215406e-008    3.053125e+001    1.873125e+002  24
247658.516476434 19    2.520000e+005    2.520000e+005    2.959347e-004    1.136868e-011    0.000000e+000    8.500000e+000            6.075030e-003            5.153652e+003            5.592733e-009            2.926151e+000           -2.622163e+000            2.885031e+000            9.282338e-001   -8.429279e-009   -1.085760e-010    6.761402e-006   -9.946525e-007   -6.146729e-008   -6.146729e-008   -1.956250e+001    2.328750e+002 235
249734.550744274 13    2.520000e+005    2.520000e+005   -8.306149e-004    5.684342e-013    0.000000e+000    7.800000e+000            2.218548e-003            5.151889e+003            4.629479e-009            1.288873e+000           -5.322609e-001            1.917249e+000            9.656406e-001   -8.035335e-009    4.246606e-010    8.489937e-006   -3.073364e-007    6.332994e-008    5.774200e-008   -5.250000e+000    2.222188e+002  16
